version https://git-lfs.github.com/spec/v1
oid sha256:3d4bef4165a65c3c4abe56fda07c0c019087a0d2117dda48a52ed49757a5aafd
size 56785626
